~/DBs/Reccelite/CroppedDB/croppedImg_1_2_3_4_5_reg_rare/080b07e0-3a09-d282-9ea7-930ab633f8ab_0_0.jpg 2.4893577,528.6977,59.744583,562.7063,1.0
~/DBs/Reccelite/CroppedDB/croppedImg_1_2_3_4_5_reg_rare/080b07e0-3a09-d282-9ea7-930ab633f8ab_0_1.jpg 529.2636,111.84094000000005,594.79407,151.74530000000004,1.0 466.80005,135.65355999999997,497.56467,188.04407000000003,1.0 646.9978,435.3810000000001,685.5404,487.3369,1.0 620.41486,414.2899,651.8059,463.1503,1.0 570.5851,365.6498,599.4927,411.48569999999995,1.0
~/DBs/Reccelite/CroppedDB/croppedImg_1_2_3_4_5_reg_rare/080b07e0-3a09-d282-9ea7-930ab633f8ab_1_0.jpg 197.87694999999997,36.98982,244.3324,80.00513,1.0 145.26070000000004,26.111515,195.37932999999998,59.585407,1.0 183.30719999999997,68.0908,232.2627,100.02719,1.0 143.54330000000004,52.22303,185.1055,80.9457,1.0
~/DBs/Reccelite/CroppedDB/croppedImg_1_2_3_4_5_reg_rare/080b07e0-3a09-d282-9ea7-930ab633f8ab_1_1.jpg 201.6961,375.30139999999994,239.34529999999995,429.15869999999995,1.0
~/DBs/Reccelite/CroppedDB/croppedImg_1_2_3_4_5_reg_rare/080b07e0-3a09-d282-9ea7-930ab633f8ab_1_2.jpg 418.9203,478.5133000000001,448.26340000000005,534.1992,1.0 332.9541999999999,427.92370000000005,377.9434000000001,484.96630000000005,1.0
~/DBs/Reccelite/CroppedDB/croppedImg_1_2_3_4_5_reg_rare/080b07e0-3a09-d282-9ea7-930ab633f8ab_1_3.jpg 556.3243,99.50540000000001,587.7532000000001,154.16560000000004,1.0 585.2709,110.81790000000001,633.1315,181.10410000000002,1.0
~/DBs/Reccelite/CroppedDB/croppedImg_1_2_3_4_5_reg_rare/080b07e0-3a09-d282-9ea7-930ab633f8ab_2_0.jpg 182.4407000000001,530.4657,219.2125000000001,587.15857,1.0
~/DBs/Reccelite/CroppedDB/croppedImg_1_2_3_4_5_reg_rare/080b07e0-3a09-d282-9ea7-930ab633f8ab_2_1.jpg 705.7516999999998,120.41859999999997,751.719,176.82183999999995,1.0 763.9827,133.6354,799.0,168.46069999999997,1.0 4.787700000000086,290.34564,50.06860000000006,311.04877,1.0
~/DBs/Reccelite/CroppedDB/croppedImg_1_2_3_4_5_reg_rare/080b07e0-3a09-d282-9ea7-930ab633f8ab_2_2.jpg 141.09860000000003,456.04690000000005,193.14640000000009,477.2255,1.0 156.9043999999999,413.48749999999995,210.58220000000006,441.9287999999999,1.0
~/DBs/Reccelite/CroppedDB/croppedImg_1_2_3_4_5_reg_rare/080b07e0-3a09-d282-9ea7-930ab633f8ab_2_3.jpg 40.186300000000074,317.2096999999999,74.07069999999999,370.7637,1.0 23.518800000000056,380.85080000000016,59.41799999999989,428.9025999999999,1.0 0.0,360.30960000000005,20.58829999999989,413.31320000000005,1.0 76.2686000000001,359.02599999999984,109.78659999999991,411.4792000000002,1.0 431.76279999999997,383.36450000000013,489.5227,422.1017999999999,1.0 533.2393000000002,512.9666000000002,585.4368,558.1170000000002,1.0 0.0,235.42720000000008,34.09719999999993,265.8087999999998,1.0
~/DBs/Reccelite/CroppedDB/croppedImg_1_2_3_4_5_reg_rare/080b07e0-3a09-d282-9ea7-930ab633f8ab_3_0.jpg 159.19500000000016,632.1543,190.54930000000013,687.9763,1.0
~/DBs/Reccelite/CroppedDB/croppedImg_1_2_3_4_5_reg_rare/080b07e0-3a09-d282-9ea7-930ab633f8ab_3_1.jpg 305.83539999999994,221.8546,334.02599999999984,279.26746,7.0 317.35159999999996,343.65485,351.2773000000002,396.6702,1.0 301.4850000000001,399.0553,336.56230000000005,458.7854,7.0 159.19500000000016,0.0,190.54930000000013,47.97630000000004,1.0 118.06129999999985,4.691400000000044,142.4677999999999,56.16769999999997,1.0 462.03319999999985,607.2478000000001,495.7979999999998,658.3016,1.0
~/DBs/Reccelite/CroppedDB/croppedImg_1_2_3_4_5_reg_rare/080b07e0-3a09-d282-9ea7-930ab633f8ab_4_0.jpg 55.195000000000164,632.1543,86.54930000000013,687.9763,1.0
~/DBs/Reccelite/CroppedDB/croppedImg_1_2_3_4_5_reg_rare/080b07e0-3a09-d282-9ea7-930ab633f8ab_4_1.jpg 201.83539999999994,221.8546,230.02599999999984,279.26746,7.0 213.35159999999996,343.65485,247.2773000000002,396.6702,1.0 197.48500000000013,399.0553,232.56230000000005,458.7854,7.0 55.195000000000164,0.0,86.54930000000013,47.97630000000004,1.0 14.061299999999846,4.691400000000044,38.4677999999999,56.16769999999997,1.0 358.03319999999985,607.2478000000001,391.7979999999998,658.3016,1.0
~/DBs/Reccelite/CroppedDB/croppedImg_1_2_3_4_5_reg_rare/080b07e0-1f09-1f72-326b-5bc1ea8a0559_0_0.jpg 191.9299,547.8662,230.69847,569.95966,1.0 115.0305,510.13925,155.52698,534.989,1.0 112.64811,526.41766,171.99875,570.4829,2.0 292.99957,339.85892,378.08112,386.02576,2.0 438.01483,306.09457,531.948,356.47104,2.0 610.03516,348.3976,626.13916,379.1821,1.0 683.3518,335.47342,699.01685,365.3788,1.0 609.88586,281.09753,638.9515,293.684,1.0 629.19257,134.42572,657.64667,153.43542,1.0 627.7144,118.62545,662.5738,140.8769,1.0 326.13165,449.71194,387.47305,499.16745,2.0 383.8948,442.28082,407.409,470.4679,1.0 403.83075,426.39355,441.65793,465.08673,1.0 350.96344,595.8766,368.437,621.7285,1.0 206.28513,40.93543,298.7314,94.61491,3.0 35.658684,61.13022,109.20472,109.24196,13.0
~/DBs/Reccelite/CroppedDB/croppedImg_1_2_3_4_5_reg_rare/080b07e0-1f09-1f72-326b-5bc1ea8a0559_0_1.jpg 286.03033,343.8103,313.65073,373.95320000000004,1.0 6.576009,600.4652000000001,42.122,614.3689999999999,1.0 115.169014,565.5275999999999,149.64864,582.8181,1.0
~/DBs/Reccelite/CroppedDB/croppedImg_1_2_3_4_5_reg_rare/080b07e0-1f09-1f72-326b-5bc1ea8a0559_0_2.jpg 220.44441,28.042599999999993,259.3778,46.58619999999996,1.0 268.39908,36.534799999999905,300.49832,49.04140000000007,1.0 424.80273,551.4632999999999,438.01797,574.1360999999999,1.0 489.83054,545.9166,509.3686,574.988,1.0 367.473,558.0446999999999,380.50125,581.3062,1.0 448.56738,587.7677000000001,465.04745,616.4945,1.0 444.482,480.43370000000004,460.1908,513.6002000000001,1.0 466.50598,524.0027,479.9216,544.6799000000001,1.0 186.90707,98.1898000000001,204.41278,131.2904000000001,10.0 201.45027,66.18329999999992,221.91849,98.1898000000001,10.0
~/DBs/Reccelite/CroppedDB/croppedImg_1_2_3_4_5_reg_rare/080b07e0-1f09-1f72-326b-5bc1ea8a0559_0_3.jpg 651.4025,504.35199999999986,675.9104,530.3926000000001,1.0 153.13155,525.723,169.23837,554.6448,1.0 562.02496,296.6318000000001,596.5205,314.6482000000001,1.0 474.31372,311.0450000000001,509.65063,327.7892999999999,1.0 321.22806,330.4656,359.09384,352.5146,1.0 95.66485,381.79269999999997,132.65727,398.59889999999996,1.0 97.361465,535.681,108.89284,553.2437,1.0 79.72623,457.7678000000001,93.56432,481.0619999999999,1.0 724.84344,278.5417000000002,755.27655,289.7707999999998,1.0 620.9116,234.5938000000001,634.6926,258.7941999999998,1.0 723.69507,221.8159999999998,741.87836,247.37159999999994,1.0 629.88025,189.6567,644.81177,221.7246,1.0 367.473,0.0,380.50125,19.30619999999999,1.0 382.53644,163.05459999999994,395.0435,183.5236,1.0 441.85724,313.9841000000001,473.8795,328.33399999999983,1.0 349.37488,148.77089999999998,372.80386,180.37040000000002,17.0 316.16235,229.98950000000013,331.61008,255.58249999999998,1.0 448.56738,25.767700000000104,465.04745,54.494500000000016,1.0 365.33624,120.34750000000008,381.31006,151.1766,1.0 388.94873,522.3818000000001,404.7436,546.9614000000001,1.0 391.98172,499.99440000000004,412.10178,520.9587000000001,1.0 368.27164,223.1907000000001,401.9267,242.04700000000003,1.0 609.6597,188.6201000000001,626.6807,222.01200000000017,1.0
~/DBs/Reccelite/CroppedDB/croppedImg_1_2_3_4_5_reg_rare/080b07e0-1f09-1f72-326b-5bc1ea8a0559_1_0.jpg 376.54269999999997,565.2576,413.7180000000001,593.52985,1.0
~/DBs/Reccelite/CroppedDB/croppedImg_1_2_3_4_5_reg_rare/080b07e0-1f09-1f72-326b-5bc1ea8a0559_1_1.jpg 594.4104,589.8212000000001,624.5440000000001,606.0535,1.0 250.04060000000004,443.5301999999999,280.4045000000001,473.81950000000006,1.0 227.42499999999995,443.38300000000004,255.87329999999997,473.2140999999999,1.0 199.6916,438.9371000000001,236.00240000000008,475.3655000000001,1.0 181.1073,435.7819999999999,216.41740000000004,471.63660000000004,1.0 159.6639,438.0767000000001,194.97406,471.4931999999999,1.0 136.9339,436.9293,171.24334999999996,468.4812999999999,1.0 110.91589999999997,437.7898,146.226,472.6405,1.0 96.19140000000004,433.3439000000001,133.07403999999997,463.0314000000001,1.0 89.61540000000002,425.02549999999997,124.92560000000003,448.9764,1.0 90.33025999999995,411.2573,125.49743999999998,432.19640000000004,1.0 93.76116999999999,394.9077,129.50019999999995,409.10609999999997,1.0 157.5195,424.1651999999999,192.40076,439.94100000000003,1.0 154.3745,407.5283999999999,192.68677000000002,427.60699999999997,1.0 156.3759,394.33400000000006,192.54376000000002,411.11390000000006,1.0 205.2668,420.72299999999996,236.8601000000001,434.2041999999999,1.0 126.01199999999994,369.04944,145.74,394.5253,1.0 95.64819999999997,369.0494,124.9828,393.4924000000001,1.0 140.59357,364.74609999999996,164.78174,393.66460000000006,1.0 157.40520000000004,353.9017,186.56823999999995,389.36120000000005,1.0 179.46619999999996,348.1394,209.35657000000003,386.0685000000001,1.0 212.07385,361.5262,232.3302000000001,405.1569999999999,17.0 230.6010000000001,369.45905000000005,266.6672000000001,403.4218000000001,1.0 241.7174,391.5223000000001,277.53610000000003,417.79999999999995,1.0 278.5244,336.48803999999996,290.62879999999996,360.2867,1.0 357.89300000000003,370.98614999999995,392.69360000000006,391.65229999999997,1.0
~/DBs/Reccelite/CroppedDB/croppedImg_1_2_3_4_5_reg_rare/080b07e0-1f09-1f72-326b-5bc1ea8a0559_1_2.jpg 737.9944,550.3062,768.317,574.9434000000001,1.0 731.4966,572.3604,759.8502000000001,599.9779000000001,1.0 745.0727999999999,435.1225999999999,778.3897999999999,448.7043000000001,1.0 755.0844,475.20540000000005,791.5199,498.55960000000005,1.0 737.5228,448.7043000000001,770.0195000000001,462.45180000000005,1.0 736.8662999999999,466.9238,767.886,480.50569999999993,1.0 736.0514000000001,518.9966999999999,773.1643999999999,536.4117000000001,17.0 646.1387,526.0437,688.1962000000001,544.0853,1.0 310.67599999999993,301.77009999999996,334.1177,337.0177000000001,1.0 344.5643,272.69730000000004,366.7321999999999,299.71180000000004,1.0 328.9375,258.94360000000006,348.5789,287.3533,1.0 22.65459999999996,281.7079000000001,57.489439999999945,296.7242000000001,1.0 174.75005999999996,254.46810000000005,208.68269999999995,279.05420000000004,1.0 127.51689999999996,264.0598,168.31489999999997,277.58169999999996,7.0 246.62779999999998,56.68859999999995,303.7919999999999,99.5619999999999,3.0 329.9154000000001,66.63020000000006,367.5640000000001,102.0474999999999,1.0 465.45450000000005,404.83590000000004,521.0032000000001,428.5072,3.0 304.9154000000001,205.07629999999995,346.7976000000001,279.1908000000001,3.0 698.932,394.5571,725.1134,421.2633000000001,1.0 720.2498,509.7304999999999,756.5944999999999,523.7959000000001,1.0 726.0481,603.2451000000001,748.5889,616.4927,1.0
~/DBs/Reccelite/CroppedDB/croppedImg_1_2_3_4_5_reg_rare/080b07e0-1f09-1f72-326b-5bc1ea8a0559_1_3.jpg 727.7256,318.5459999999998,799.0,346.2505000000001,3.0 500.95000000000005,363.24440000000004,560.2276999999999,385.9812000000002,17.0 668.017,202.971,693.5336,228.43870000000015,1.0 644.9304999999999,270.20600000000013,680.9779000000001,282.22699999999986,1.0 748.212,222.73399999999992,774.1338000000001,250.85030000000006,1.0 762.9955,193.59860000000003,792.9675,223.7527,1.0 421.5093999999999,230.3496,517.3140000000001,264.5925000000002,5.0 275.2811999999999,234.57709999999997,417.72749999999996,268.39750000000004,2.0 373.18679999999995,234.57709999999997,418.9882,266.28369999999995,22.0 209.27405,370.1729999999998,231.2331999999999,397.20679999999993,1.0 175.82860000000005,381.0544,202.17957,397.0365999999999,1.0 70.41674999999998,467.8939999999998,102.70450000000005,479.9810000000002,1.0 71.71289999999999,486.08100000000013,97.77404999999999,496.2952,1.0 97.14275999999995,226.58809999999994,146.49469999999997,270.94259999999986,17.0 125.53909999999996,225.82349999999997,159.09844999999996,239.2827000000002,1.0 104.88715000000002,188.35169999999994,128.87980000000005,222.91750000000002,1.0 140.42065000000002,196.6110000000001,171.09479999999996,208.23489999999993,1.0 220.46320000000003,215.3184000000001,254.38400000000001,226.23140000000012,1.0 731.4966,10.360400000000027,759.8502000000001,37.97790000000009,1.0 726.0481,41.24510000000009,748.5889,54.49270000000001,1.0 709.0011999999999,605.1217999999999,742.7757999999999,617.3764999999999,1.0 322.5103999999999,368.44849999999997,371.1370999999999,391.15650000000005,17.0 116.62480000000005,177.10570000000007,154.62665000000004,191.3402000000001,1.0 346.58760000000007,445.1840000000002,367.1862000000001,469.15549999999985,1.0
~/DBs/Reccelite/CroppedDB/croppedImg_1_2_3_4_5_reg_rare/080b07e0-1f09-1f72-326b-5bc1ea8a0559_2_1.jpg 621.7467999999999,639.8416,660.2743999999998,660.7773,1.0 15.94139999999993,317.81066999999996,45.81840000000011,332.46136,1.0 285.08539999999994,458.97350000000006,300.95399999999995,486.48929999999996,1.0
~/DBs/Reccelite/CroppedDB/croppedImg_1_2_3_4_5_reg_rare/080b07e0-1f09-1f72-326b-5bc1ea8a0559_2_2.jpg 621.7467999999999,0.0,660.2743999999998,20.77729999999997,1.0 11.241600000000062,517.7213999999999,39.79209999999989,551.6968999999999,1.0 54.56750000000011,325.9211,80.16000000000008,352.6542999999999,1.0 0.15270000000009532,366.3905,32.724699999999984,380.9955,1.0
~/DBs/Reccelite/CroppedDB/croppedImg_1_2_3_4_5_reg_rare/080b07e0-1f09-1f72-326b-5bc1ea8a0559_2_3.jpg 540.9465,397.1372000000001,577.9463000000001,411.98950000000013,1.0 342.5934,392.7961,374.7374,420.7166000000002,1.0 281.7095999999999,409.4285,297.19910000000004,434.02419999999984,1.0 258.2545,454.37570000000005,277.8977,481.61940000000004,1.0 239.45299999999997,463.1277,254.74669999999992,488.9596999999999,1.0 150.3056999999999,356.8018000000002,206.37920000000008,379.5715,17.0 132.2840000000001,286.7402000000002,168.77690000000007,307.9274999999998,1.0 0.0,355.89429999999993,22.84999999999991,381.2048,1.0 40.87779999999998,440.27340000000004,60.93139999999994,471.6396,17.0 172.19139999999993,389.7982999999999,207.92859999999996,405.57349999999997,1.0 165.44859999999994,415.75149999999985,196.8028999999999,441.19579999999996,1.0 111.51209999999992,411.8188,142.36339999999996,431.3289,1.0
~/DBs/Reccelite/CroppedDB/croppedImg_1_2_3_4_5_reg_rare/080b07e0-1f09-1f72-326b-5bc1ea8a0559_3_1.jpg 60.929999999999836,473.174,90.56100000000015,506.55359999999996,1.0 206.62159999999994,351.78063999999995,238.57180000000017,365.1223,1.0
~/DBs/Reccelite/CroppedDB/croppedImg_1_2_3_4_5_reg_rare/080b07e0-1f09-1f72-326b-5bc1ea8a0559_3_2.jpg 548.4904999999999,69.5779,581.9978000000001,84.66020000000003,1.0 361.81539999999995,131.3846000000001,421.9245999999998,148.2922000000001,2.0 519.6469999999999,470.6274000000001,543.1995000000002,495.471,1.0 528.9787999999999,543.7075,552.2417,569.5072,1.0 519.1516000000001,540.0796,535.797,562.4526000000001,1.0 495.8883999999998,538.2654,515.9429,563.4603999999999,1.0 459.3890000000001,539.0717999999999,481.6493999999998,567.2899,1.0 442.7437,536.8544999999999,467.2102,565.8789999999999,17.0 422.8894,536.4514999999999,447.15549999999985,564.2668000000001,1.0 503.46039999999994,597.8290999999999,517.5005000000001,619.3993,1.0 474.94529999999986,597.6005,496.39800000000014,620.9812999999999,1.0 457.5812999999998,599.8599999999999,479.1500000000001,624.9001000000001,1.0 426.817,596.3308,446.7134000000001,622.5474999999999,1.0 415.4475000000002,623.2195999999999,439.8584000000001,650.9485999999999,1.0 431.3312999999998,625.9084,455.5752000000002,654.8137999999999,1.0 451.8966999999998,628.2611999999999,471.12429999999995,658.1749,1.0 466.9443000000001,628.4293,487.3425000000002,654.3097,1.0 398.05859999999984,624.396,417.78780000000006,648.7638999999999,1.0 406.5100000000002,598.2248999999999,427.0789,621.2529999999999,1.0 291.7393000000002,636.1847,329.27779999999984,656.3634999999999,1.0 297.3600000000001,623.8755000000001,331.8874999999998,640.2204999999999,1.0 312.61619999999994,585.3336999999999,340.31860000000006,597.8447000000001,1.0 313.0178000000001,572.6213,342.52689999999984,585.3336999999999,1.0 744.248,594.7288000000001,766.3987000000002,626.2959000000001,1.0 32.47200000000021,468.29410000000007,62.070000000000164,495.8571999999999,1.0 140.45020000000022,459.2902999999999,181.029,492.37110000000007,1.0
~/DBs/Reccelite/CroppedDB/croppedImg_1_2_3_4_5_reg_rare/080b07e0-1f09-1f72-326b-5bc1ea8a0559_3_3.jpg 503.46039999999994,35.829099999999926,517.5005000000001,57.39930000000004,1.0 474.94529999999986,35.60050000000001,496.39800000000014,58.98129999999992,1.0 457.5812999999998,37.8599999999999,479.1500000000001,62.900100000000066,1.0 426.817,34.330799999999954,446.7134000000001,60.5474999999999,1.0 415.4475000000002,61.2195999999999,439.8584000000001,88.94859999999994,1.0 431.3312999999998,63.90840000000003,455.5752000000002,92.8137999999999,1.0 451.8966999999998,66.26119999999992,471.12429999999995,96.17489999999998,1.0 466.9443000000001,66.42930000000001,487.3425000000002,92.30970000000002,1.0 398.05859999999984,62.39599999999996,417.78780000000006,86.76389999999992,1.0 406.5100000000002,36.224899999999934,427.0789,59.25299999999993,1.0 470.4513999999999,125.32089999999994,488.5160000000001,148.32089999999994,1.0 447.5698000000002,125.92599999999993,471.65599999999995,155.58439999999996,1.0 428.5016999999998,125.11909999999989,452.1864999999998,154.17200000000003,1.0 409.43330000000014,123.70679999999993,434.9247999999998,149.9351999999999,1.0 380.3298,116.64540000000011,403.2112000000002,146.30369999999994,1.0 348.4158000000002,154.97910000000002,383.94259999999986,169.50559999999996,1.0 336.77419999999984,178.78629999999998,369.0895999999998,190.89159999999993,1.0 299.4409999999998,169.70720000000006,320.9175,195.12840000000006,1.0 274.15059999999994,302.46259999999984,306.4659999999999,333.1293999999998,1.0 194.1790000000001,333.4832000000001,221.279,348.2134000000001,1.0 213.45020000000022,285.4575,240.95170000000007,297.7665999999999,1.0 213.85159999999996,268.91100000000006,247.17459999999983,284.65009999999984,1.0 220.67680000000018,254.3818000000001,257.21169999999984,269.3141999999998,1.0 224.69169999999986,243.28369999999995,259.82130000000006,257.00509999999986,1.0 231.11549999999988,230.57079999999996,270.0590000000002,246.3103000000001,1.0 240.55029999999988,203.9348,276.0812999999998,220.48140000000012,1.0 244.9666000000002,191.8275000000001,281.7021,205.3472999999999,1.0 252.79539999999997,178.10570000000007,289.9326000000001,191.42409999999995,1.0 259.82130000000006,156.5145,292.74299999999994,169.0254,1.0 266.44579999999996,141.58220000000006,298.3638000000001,153.68949999999995,1.0 271.0630000000001,127.8605,307.99929999999995,140.5728999999999,1.0 278.4902000000002,112.92810000000009,311.81320000000005,129.6766,1.0 281.50149999999985,100.01369999999997,311.6125000000002,115.14779999999996,1.0 291.7393000000002,74.18470000000002,329.27779999999984,94.36349999999993,1.0 297.3600000000001,61.8755000000001,331.8874999999998,78.2204999999999,1.0 312.61619999999994,23.333699999999908,340.31860000000006,35.8447000000001,1.0 313.0178000000001,10.62130000000002,342.52689999999984,23.333699999999908,1.0 203.8517999999999,87.25839999999994,241.1181999999999,99.81600000000003,7.0 185.53099999999995,119.07089999999994,225.712,135.8143,7.0 145.558,134.76780000000008,182.4079999999999,156.74350000000004,1.0 112.87199999999984,160.7201,145.558,174.11490000000003,1.0 92.4692,131.62840000000006,120.99150000000009,160.30150000000003,1.0 70.66719999999987,357.0641999999998,88.74800000000005,382.9140000000002,1.0 57.809600000000046,336.6669999999999,79.70780000000013,362.31500000000005,1.0 34.42479999999978,328.08370000000014,57.809600000000046,353.0468999999998,1.0 269.16769999999997,475.8438000000001,301.2651000000001,495.6199999999999,1.0 128.8157000000001,569.3555000000001,157.13799999999992,598.4630000000002,1.0 78.43040000000019,556.1394,103.7795000000001,580.5266000000001,1.0 744.248,32.72880000000009,766.3987000000002,64.29590000000007,1.0
~/DBs/Reccelite/CroppedDB/croppedImg_1_2_3_4_5_reg_rare/080b07e0-1f09-1f72-326b-5bc1ea8a0559_4_1.jpg 102.62159999999994,351.78063999999995,134.57180000000017,365.1223,1.0
~/DBs/Reccelite/CroppedDB/croppedImg_1_2_3_4_5_reg_rare/080b07e0-1f09-1f72-326b-5bc1ea8a0559_4_2.jpg 444.4904999999999,69.5779,477.9978000000001,84.66020000000003,1.0 257.81539999999995,131.3846000000001,317.9245999999998,148.2922000000001,2.0 415.64699999999993,470.6274000000001,439.19950000000017,495.471,1.0 424.97879999999986,543.7075,448.24170000000004,569.5072,1.0 415.15160000000014,540.0796,431.797,562.4526000000001,1.0 391.8883999999998,538.2654,411.9429,563.4603999999999,1.0 355.3890000000001,539.0717999999999,377.6493999999998,567.2899,1.0 338.7437,536.8544999999999,363.2102,565.8789999999999,17.0 318.8894,536.4514999999999,343.15549999999985,564.2668000000001,1.0 399.46039999999994,597.8290999999999,413.5005000000001,619.3993,1.0 370.94529999999986,597.6005,392.39800000000014,620.9812999999999,1.0 353.5812999999998,599.8599999999999,375.1500000000001,624.9001000000001,1.0 322.817,596.3308,342.7134000000001,622.5474999999999,1.0 311.4475000000002,623.2195999999999,335.8584000000001,650.9485999999999,1.0 327.3312999999998,625.9084,351.5752000000002,654.8137999999999,1.0 347.8966999999998,628.2611999999999,367.12429999999995,658.1749,1.0 362.9443000000001,628.4293,383.3425000000002,654.3097,1.0 294.05859999999984,624.396,313.78780000000006,648.7638999999999,1.0 302.5100000000002,598.2248999999999,323.0789,621.2529999999999,1.0 187.73930000000018,636.1847,225.27779999999984,656.3634999999999,1.0 193.36000000000013,623.8755000000001,227.88749999999982,640.2204999999999,1.0 208.61619999999994,585.3336999999999,236.31860000000006,597.8447000000001,1.0 209.01780000000008,572.6213,238.52689999999984,585.3336999999999,1.0 640.248,594.7288000000001,662.3987000000002,626.2959000000001,1.0 36.45020000000022,459.2902999999999,77.029,492.37110000000007,1.0
~/DBs/Reccelite/CroppedDB/croppedImg_1_2_3_4_5_reg_rare/080b07e0-1f09-1f72-326b-5bc1ea8a0559_4_3.jpg 399.46039999999994,35.829099999999926,413.5005000000001,57.39930000000004,1.0 370.94529999999986,35.60050000000001,392.39800000000014,58.98129999999992,1.0 353.5812999999998,37.8599999999999,375.1500000000001,62.900100000000066,1.0 322.817,34.330799999999954,342.7134000000001,60.5474999999999,1.0 311.4475000000002,61.2195999999999,335.8584000000001,88.94859999999994,1.0 327.3312999999998,63.90840000000003,351.5752000000002,92.8137999999999,1.0 347.8966999999998,66.26119999999992,367.12429999999995,96.17489999999998,1.0 362.9443000000001,66.42930000000001,383.3425000000002,92.30970000000002,1.0 294.05859999999984,62.39599999999996,313.78780000000006,86.76389999999992,1.0 302.5100000000002,36.224899999999934,323.0789,59.25299999999993,1.0 366.4513999999999,125.32089999999994,384.5160000000001,148.32089999999994,1.0 343.5698000000002,125.92599999999993,367.65599999999995,155.58439999999996,1.0 324.5016999999998,125.11909999999989,348.1864999999998,154.17200000000003,1.0 305.43330000000014,123.70679999999993,330.9247999999998,149.9351999999999,1.0 276.3298,116.64540000000011,299.2112000000002,146.30369999999994,1.0 244.41580000000022,154.97910000000002,279.94259999999986,169.50559999999996,1.0 232.77419999999984,178.78629999999998,265.0895999999998,190.89159999999993,1.0 195.4409999999998,169.70720000000006,216.91750000000002,195.12840000000006,1.0 170.15059999999994,302.46259999999984,202.4659999999999,333.1293999999998,1.0 90.17900000000009,333.4832000000001,117.279,348.2134000000001,1.0 109.45020000000022,285.4575,136.95170000000007,297.7665999999999,1.0 109.85159999999996,268.91100000000006,143.17459999999983,284.65009999999984,1.0 116.67680000000018,254.3818000000001,153.21169999999984,269.3141999999998,1.0 120.69169999999986,243.28369999999995,155.82130000000006,257.00509999999986,1.0 127.11549999999988,230.57079999999996,166.0590000000002,246.3103000000001,1.0 136.55029999999988,203.9348,172.08129999999983,220.48140000000012,1.0 140.9666000000002,191.8275000000001,177.70209999999997,205.3472999999999,1.0 148.79539999999997,178.10570000000007,185.9326000000001,191.42409999999995,1.0 155.82130000000006,156.5145,188.74299999999994,169.0254,1.0 162.44579999999996,141.58220000000006,194.36380000000008,153.68949999999995,1.0 167.0630000000001,127.8605,203.99929999999995,140.5728999999999,1.0 174.4902000000002,112.92810000000009,207.81320000000005,129.6766,1.0 177.50149999999985,100.01369999999997,207.61250000000018,115.14779999999996,1.0 187.73930000000018,74.18470000000002,225.27779999999984,94.36349999999993,1.0 193.36000000000013,61.8755000000001,227.88749999999982,78.2204999999999,1.0 208.61619999999994,23.333699999999908,236.31860000000006,35.8447000000001,1.0 209.01780000000008,10.62130000000002,238.52689999999984,23.333699999999908,1.0 99.85179999999991,87.25839999999994,137.1181999999999,99.81600000000003,7.0 81.53099999999995,119.07089999999994,121.71199999999999,135.8143,7.0 41.55799999999999,134.76780000000008,78.4079999999999,156.74350000000004,1.0 8.871999999999844,160.7201,41.55799999999999,174.11490000000003,1.0 165.16769999999997,475.8438000000001,197.26510000000007,495.6199999999999,1.0 24.815700000000106,569.3555000000001,53.13799999999992,598.4630000000002,1.0 640.248,32.72880000000009,662.3987000000002,64.29590000000007,1.0 714.1235000000001,579.0010000000002,751.4414000000002,599.3339999999998,1.0
~/DBs/Reccelite/CroppedDB/croppedImg_1_2_3_4_5_reg_rare/080b07e0-0e09-bf7c-f4f5-fdacbd8a9b31_0_1.jpg 619.6895,499.5094999999999,675.1705,531.3497,1.0
~/DBs/Reccelite/CroppedDB/croppedImg_1_2_3_4_5_reg_rare/080b07e0-0e09-bf7c-f4f5-fdacbd8a9b31_0_2.jpg 0.75364965,376.442,49.23844,405.1018999999999,1.0 103.25,250.6427000000001,137.66669,303.6509000000001,1.0
~/DBs/Reccelite/CroppedDB/croppedImg_1_2_3_4_5_reg_rare/080b07e0-0e09-bf7c-f4f5-fdacbd8a9b31_1_0.jpg 255.9951000000001,621.9239,284.62979999999993,674.83795,1.0 282.2023999999999,466.8524,312.5954999999999,522.25415,1.0 289.33079999999995,323.2929,319.36069999999995,378.74304,1.0 111.00930000000005,615.0318,144.52949999999998,675.3036,1.0
~/DBs/Reccelite/CroppedDB/croppedImg_1_2_3_4_5_reg_rare/080b07e0-0e09-bf7c-f4f5-fdacbd8a9b31_1_1.jpg 345.68270000000007,151.9479,398.3514,178.39513999999997,1.0 255.9951000000001,0.0,284.62979999999993,34.83794999999998,1.0 459.7191,196.02179999999998,504.1599000000001,248.15247,1.0 238.80089999999996,42.95294000000001,271.26970000000006,101.57809999999995,1.0 146.22614,528.7183,175.44399999999996,584.1016,1.0 231.71550000000002,559.2445,270.6726000000001,623.5676000000001,1.0 307.39650000000006,521.8010999999999,360.2328,551.4735000000001,1.0
~/DBs/Reccelite/CroppedDB/croppedImg_1_2_3_4_5_reg_rare/080b07e0-0e09-bf7c-f4f5-fdacbd8a9b31_1_2.jpg 30.216699999999946,283.00659999999993,102.93089999999995,464.69000000000005,2.0
~/DBs/Reccelite/CroppedDB/croppedImg_1_2_3_4_5_reg_rare/080b07e0-0e09-bf7c-f4f5-fdacbd8a9b31_2_0.jpg 179.77690000000007,584.478,230.2150999999999,613.2163,1.0 201.18270000000007,622.28937,254.7566999999999,653.9475,1.0
~/DBs/Reccelite/CroppedDB/croppedImg_1_2_3_4_5_reg_rare/080b07e0-0e09-bf7c-f4f5-fdacbd8a9b31_3_1.jpg 2.4717000000000553,13.360959999999977,59.10080000000016,54.83325000000002,17.0 739.5068000000001,475.36789999999996,762.4328999999998,532.4386,1.0 701.5554000000002,318.7133,746.2768999999998,353.36080000000004,1.0
~/DBs/Reccelite/CroppedDB/croppedImg_1_2_3_4_5_reg_rare/080b07e0-0e09-bf7c-f4f5-fdacbd8a9b31_3_2.jpg 657.5066000000002,415.55420000000004,693.9946,464.5872999999999,1.0
~/DBs/Reccelite/CroppedDB/croppedImg_1_2_3_4_5_reg_rare/080b07e0-0e09-bf7c-f4f5-fdacbd8a9b31_3_3.jpg 675.5192999999999,138.13290000000006,726.9573,190.4058,1.0 717.1482000000001,178.65640000000008,756.1455000000001,224.93460000000005,1.0 757.8200000000002,168.8252,799.0,213.9045000000001,1.0 660.5875999999998,537.2750999999998,712.9933999999998,576.7048,1.0 641.6244999999999,568.4038,701.2710000000002,612.6758,1.0 64.20679999999993,414.7283000000002,93.19259999999986,468.8899999999999,1.0
~/DBs/Reccelite/CroppedDB/croppedImg_1_2_3_4_5_reg_rare/080b07e0-0e09-bf7c-f4f5-fdacbd8a9b31_4_1.jpg 691.2932000000001,520.3733,728.3566999999998,578.5930000000001,1.0 635.5068000000001,475.36789999999996,658.4328999999998,532.4386,1.0 597.5554000000002,318.7133,642.2768999999998,353.36080000000004,1.0
~/DBs/Reccelite/CroppedDB/croppedImg_1_2_3_4_5_reg_rare/080b07e0-0e09-bf7c-f4f5-fdacbd8a9b31_4_2.jpg 553.5066000000002,415.55420000000004,589.9946,464.5872999999999,1.0
~/DBs/Reccelite/CroppedDB/croppedImg_1_2_3_4_5_reg_rare/080b07e0-0e09-bf7c-f4f5-fdacbd8a9b31_4_3.jpg 571.5192999999999,138.13290000000006,622.9573,190.4058,1.0 613.1482000000001,178.65640000000008,652.1455000000001,224.93460000000005,1.0 653.8200000000002,168.8252,710.5216999999998,213.9045000000001,1.0 556.5875999999998,537.2750999999998,608.9933999999998,576.7048,1.0 537.6244999999999,568.4038,597.2710000000002,612.6758,1.0
~/DBs/Reccelite/CroppedDB/croppedImg_1_2_3_4_5_reg_rare/080b07e0-1e09-b356-7023-df15e3ae8157_0_0.jpg 91.13988,638.5868,124.007645,673.3192,1.0 52.961597,592.32495,87.1211,626.91327,1.0 129.20894,475.21268,160.91298,513.66223,1.0 157.52324,575.77325,187.43271,610.31964,1.0 196.40555,586.7881,228.64133,624.5054,1.0 489.00922,639.2375,518.9908,676.27966,1.0 546.2393,606.70575,576.15393,639.4032,1.0 567.4189,597.68994,596.37616,627.6225,1.0 374.95807,507.99637,410.20737,533.4336,1.0 1.3264815,161.86957,39.661797,193.89795,1.0 347.26547,631.2232,389.0807,664.54,1.0 332.7297,619.6521,373.94757,656.16095,1.0 324.96402,598.90393,362.3986,631.6222,1.0 318.39307,584.53986,352.64172,613.66705,1.0 302.8617,574.1658,338.90244,605.4875,1.0 295.096,562.1956,328.5482,590.9239,1.0 286.33472,551.02356,320.58337,581.9463,1.0 273.79016,535.26294,311.0256,564.98865,1.0 260.84735,514.5148,307.64056,551.6221,17.0 206.01236,439.44806,252.9918,479.53397,17.0 28.60606,200.45436,60.263435,228.48318,1.0 350.56976,367.43332,424.47223,429.61853,2.0 487.47116,556.31946,515.5196,589.9315,1.0 355.66833,481.0334,389.03476,506.39932,1.0
~/DBs/Reccelite/CroppedDB/croppedImg_1_2_3_4_5_reg_rare/080b07e0-1e09-b356-7023-df15e3ae8157_0_1.jpg 91.13988,0.0,124.007645,33.31920000000002,1.0 444.0352,24.823549999999955,474.78622,54.15229999999997,1.0 464.85495,11.72180000000003,495.606,43.57470000000001,1.0 489.00922,0.0,518.9908,36.279660000000035,1.0 541.41174,272.24816999999996,573.74054,305.16143999999997,1.0 548.7645,175.15265,578.43774,210.55273,1.0 243.19547,193.79065000000003,260.3286,226.34204,1.0 231.67035,104.47289999999998,265.94485,143.07050000000004,17.0 443.81842,432.48749999999995,484.3309,456.9865,1.0 616.8949,503.55179999999996,647.46173,538.9152999999999,1.0 584.30444,440.2247,611.76605,478.1418000000001,1.0 570.9617,404.4338,595.448,437.55359999999996,1.0 563.5165,357.90045,584.69385,397.4785999999999,1.0 297.69907,395.9402,334.86356,414.73019999999997,1.0 407.22946,382.09400000000005,440.62204,402.46669999999995,1.0 110.91518,448.9351999999999,154.24762,483.1696999999999,1.0 144.9053,458.2899,186.05125,491.5292999999999,1.0 174.07556,325.93600000000004,211.06662,359.08590000000004,1.0 42.07131,401.45180000000005,83.31769,436.3209999999999,1.0 358.61533,3.193300000000022,397.0455,34.71460000000002,1.0 347.26547,0.0,389.0807,24.539999999999964,1.0 617.57367,617.8549,659.6204,639.0,1.0 608.82184,605.3341,630.8916,636.1543999999999,1.0 667.52277,567.7675999999999,695.74585,599.5550000000001,1.0 578.73114,571.1388999999999,597.44086,601.6422,1.0 591.4272,588.5137,617.2308,628.2849000000001,1.0 416.7446,134.89453000000003,446.03867,159.61379999999997,1.0 740.0777,602.4827,769.4475,639.0,17.0
~/DBs/Reccelite/CroppedDB/croppedImg_1_2_3_4_5_reg_rare/080b07e0-1e09-b356-7023-df15e3ae8157_0_2.jpg 511.56146,530.8452,548.36865,559.4876999999999,1.0 536.9998,562.2445,576.53955,593.4856,1.0 546.5439,574.0336,588.0314,606.0607,1.0 564.0738,594.2715000000001,603.0292,624.7266999999999,1.0 581.2142,616.0814,623.28595,639.0,1.0 581.0024,470.9829,617.9917,501.47029999999995,1.0 591.8285,482.13120000000004,629.72,512.8462999999999,1.0 601.3014,495.5547999999999,639.6439,526.7248999999999,1.0 623.85583,514.6664000000001,659.4918,544.0164,1.0 632.201,535.3706,674.60333,566.7682,1.0 661.5217,567.6782000000001,705.954,597.7107000000001,1.0 675.0544,577.6891,714.29913,607.039,1.0 55.25411,471.2931000000001,81.98471,497.13699999999994,1.0 36.99906,480.1821,66.17454,508.3306,1.0 265.71103,576.9384,300.0796,605.6120000000001,1.0 252.26248,562.3955000000001,291.65726,595.7339999999999,1.0 244.9269,552.2431999999999,276.17105,580.5052000000001,1.0 235.14612,539.4839,265.71103,567.3345999999999,1.0 218.98068,525.49,258.37546,559.3773000000001,1.0 208.65652,513.4168999999999,246.14949,546.2065,1.0 187.8801,484.89840000000004,229.1784,517.8308,1.0 178.80609,471.43039999999996,217.14963,503.4435000000001,1.0 165.9747,459.96119999999996,204.00569,491.2648999999999,1.0 270.9505,248.95370000000003,303.8215,275.7566999999999,1.0 286.97824,265.6697999999999,330.18802,298.4512,1.0 299.20743,280.0012999999999,334.59055,310.31179999999995,1.0 307.8494,292.5209,347.3089,322.6666,1.0 321.47662,312.8262,361.63184,345.328,1.0 344.58795,336.0020999999999,380.13934,367.6367,1.0 358.1236,349.5127,387.15182,376.03970000000004,1.0 368.07147,363.1881000000001,394.8166,384.4426000000001,1.0 535.3673,413.4849999999999,573.725,446.2845,1.0 522.2536,403.8770999999999,561.5948,436.51099999999997,1.0 450.09827,381.0181,547.38727,462.48109999999997,2.0 492.35648,352.12429999999995,521.80023,374.87879999999996,1.0 477.3984,339.8717999999999,514.3999,369.4685999999999,1.0 472.04498,331.5974000000001,503.69308,356.42049999999995,1.0 459.29126,321.4136000000001,496.2928,349.1010000000001,1.0 448.1121,309.63840000000005,486.68814,336.8484000000001,1.0 438.82233,295.7946999999999,476.7686,324.91419999999994,1.0 124.50381,301.6216999999999,167.13899,335.77559999999994,1.0 136.29652,316.75019999999995,175.0764,348.8412000000001,1.0 160.56229,334.6295,201.38321,370.3879999999999,1.0 183.0138,353.19630000000006,219.07228,386.8916999999999,1.0 201.61,362.13599999999997,233.58638,393.30989999999997,1.0 207.95992,378.8689999999999,239.02917,405.9170999999999,1.0 221.11333,388.4963,250.5951,413.4812999999999,1.0 234.26672,395.1437000000001,267.8306,423.567,1.0 240.38986,411.18910000000005,271.9127,436.8617999999999,1.0 258.35892,439.0130999999999,286.71262,462.8563999999999,1.0 248.8432,607.6844000000001,281.242,639.0,1.0 722.8475,95.29770000000008,745.23004,130.21890000000008,1.0 708.17035,77.65139999999997,726.88367,113.50119999999993,1.0 689.2215,36.77559999999994,706.8861,100.49880000000007,6.0 775.0727,66.59570000000008,799.0,103.91200000000003,1.0 743.36694,22.591899999999896,773.4874,57.36699999999996,1.0 672.12384,37.50790000000006,685.5937,67.55639999999994,1.0 660.5717,13.490800000000036,674.6507,38.72499999999991,1.0 634.126,3.8595000000000255,661.9035,36.79870000000005,1.0 235.62418,619.9915000000001,261.4742,639.0,1.0 319.98126,222.79909999999995,358.36606,237.90920000000006,1.0 283.08264,123.50620000000004,321.36227,158.68900000000008,1.0
~/DBs/Reccelite/CroppedDB/croppedImg_1_2_3_4_5_reg_rare/080b07e0-1e09-b356-7023-df15e3ae8157_0_3.jpg 760.5928,259.549,799.0,292.05830000000014,1.0 536.9998,0.24450000000001637,576.53955,31.485599999999977,1.0 546.5439,12.033599999999979,588.0314,44.0607,1.0 564.0738,32.27150000000006,603.0292,62.72669999999994,1.0 581.2142,54.08140000000003,623.28595,89.2521999999999,1.0 741.9051,92.9855,778.32837,120.10030000000006,1.0 661.5217,5.678200000000061,705.954,35.71070000000009,1.0 675.0544,15.689100000000053,714.29913,45.03899999999999,1.0 452.24435,422.97659999999996,481.6573,454.1203999999998,1.0 518.54535,388.0625,544.38324,416.7478000000001,1.0 517.78375,463.288,551.5876,499.0237000000002,1.0 713.7405,538.3314999999998,745.73676,565.6615999999999,1.0 699.1367,514.1439999999998,730.2937,540.6543000000001,1.0 682.06805,500.2055999999998,721.7594,532.5918000000001,1.0 663.9157,477.7946999999999,697.9175,505.6716000000001,1.0 674.8883,486.67700000000013,711.0576,516.7402000000002,1.0 631.2884,429.2021,660.5561,454.21900000000005,1.0 265.87668,127.9670000000001,294.21942,154.27870000000007,1.0 232.19241,145.58169999999996,262.17032,173.21440000000007,1.0 4.786282,240.35840000000007,48.251034,274.99400000000014,1.0 265.71103,14.938400000000001,300.0796,43.61200000000008,1.0 252.26248,0.3955000000000837,291.65726,33.733999999999924,1.0 244.9269,0.0,276.17105,18.50520000000006,1.0 248.8432,45.684400000000096,281.242,77.22600000000011,1.0 147.63637,498.34799999999996,175.29697,527.6729,1.0 240.64452,515.3242,269.12897,537.3607999999999,1.0 255.5743,544.9050000000002,285.43387,563.1696999999999,1.0 277.37964,565.1547999999998,315.48987,594.9340000000002,1.0 158.56842,423.69900000000007,190.2035,449.91719999999987,1.0 135.18596,398.8710000000001,169.57193,424.8906000000002,1.0 120.25263,368.6801999999998,155.62105,396.09029999999984,1.0 206.87143,397.37919999999986,227.24728,433.4290000000001,1.0 235.62418,57.99150000000009,261.4742,85.35279999999989,1.0
~/DBs/Reccelite/CroppedDB/croppedImg_1_2_3_4_5_reg_rare/080b07e0-1e09-b356-7023-df15e3ae8157_1_0.jpg 221.625,591.1198,262.0358000000001,625.9408,1.0 276.7306000000001,565.84106,307.95720000000006,593.4635,1.0 312.2988,543.07355,344.19319999999993,571.3656,1.0 525.2114999999999,138.85518,557.4282000000001,173.78638,1.0 500.7964999999999,155.08876,528.8235999999999,183.3526,1.0 452.39969999999994,84.93646,483.3158000000001,118.41824,1.0 429.6977999999999,90.127144,456.1895999999999,131.92874,1.0
~/DBs/Reccelite/CroppedDB/croppedImg_1_2_3_4_5_reg_rare/080b07e0-1e09-b356-7023-df15e3ae8157_1_1.jpg 0.0,86.90857000000005,38.45745999999997,121.77106000000003,1.0 33.95889999999997,62.27936,76.34900000000005,97.31529999999998,1.0 119.00829999999996,10.902649999999994,161.05664000000002,44.90499999999997,1.0 43.49770000000001,6.303959999999961,120.46356000000003,69.96966999999995,3.0 441.44589999999994,550.0565999999999,483.7212999999999,585.0726,1.0 461.2550000000001,578.2638999999999,501.5978,609.6324,1.0 473.5752,589.2064,514.1595,619.6022,1.0 482.0302999999999,602.5806,522.6146000000001,633.4628,1.0 491.4517000000001,618.6295,529.6202000000001,648.5391,1.0 240.16049999999996,551.856,272.4152999999999,573.9482,1.0 261.93139999999994,563.8268,300.0519999999999,592.3966,1.0 313.6178,637.2181,352.7146,671.0001,1.0 402.75620000000004,594.7393,439.6265000000001,623.4119000000001,1.0 384.67910000000006,568.9701,422.4441999999999,600.1832999999999,1.0 526.1113,512.2405000000001,560.2683999999999,540.7742000000001,1.0 549.742,546.2195999999999,586.0473999999999,571.4861000000001,1.0 578.9581000000001,568.4366,615.4783,600.0198,1.0 591.8475000000001,584.5549000000001,633.9531,613.3064999999999,1.0 712.3539000000001,141.32439999999997,741.2402,173.2586,1.0
~/DBs/Reccelite/CroppedDB/croppedImg_1_2_3_4_5_reg_rare/080b07e0-1e09-b356-7023-df15e3ae8157_1_2.jpg 529.1370999999999,15.590799999999945,568.9966999999999,47.2025000000001,1.0 546.2888,41.36650000000009,585.4237,73.46450000000004,1.0 560.3,56.68599999999992,595.5698,84.89329999999995,1.0 566.5808999999999,65.68309999999997,605.9574,97.05160000000001,1.0 535.6938,108.77669999999989,565.2909,132.69669999999996,1.0 668.1759999999999,196.1454000000001,695.1556,223.51150000000007,1.0 551.8010999999999,182.96910000000003,583.4115999999999,213.98399999999992,1.0 566.2976000000001,169.18470000000002,598.3108,202.0239999999999,1.0 582.3721,248.0863999999999,612.1741,278.9036000000001,1.0 470.8157000000001,235.51620000000003,500.81909999999993,265.52250000000004,1.0 474.751,314.15149999999994,505.366,347.4179999999999,1.0 282.67589999999996,531.1780000000001,311.4791,565.2771,1.0 300.24389999999994,545.8510000000001,323.12300000000005,577.6768,1.0 346.87339999999995,556.8867,374.53780000000006,584.7291,1.0 316.0878,511.5350000000001,346.0222000000001,542.1043999999999,1.0 351.5552,512.8267000000001,384.4689000000001,547.4143999999999,1.0 313.9597000000001,567.5070000000001,337.7937999999999,607.1179,1.0 331.83529999999996,587.8866,351.98070000000007,614.8679,1.0 343.89419999999996,602.6690000000001,368.72119999999995,633.6687999999999,1.0 359.4999,617.3077000000001,380.7802999999999,639.0,1.0 377.2804000000001,590.2916,414.1703,623.3053,1.0 240.4541999999999,422.4847,270.9505999999999,455.07230000000004,1.0 198.03186000000005,354.37840000000006,226.3134,388.8626999999999,1.0 289.69129999999996,486.9702,318.31359999999995,515.7645,1.0 394.80999999999995,493.17740000000003,426.6694,532.6617000000001,1.0 380.1582000000001,488.00479999999993,402.8175000000001,519.2129,1.0 311.1581000000001,464.9003,342.16550000000007,498.0051000000001,1.0 366.3581999999999,467.48659999999995,384.07680000000005,498.8671999999999,1.0 229.93319999999994,356.4987000000001,262.82169999999996,391.6848,7.0 91.90449999999998,303.89200000000005,114.90930000000003,335.80099999999993,1.0 129.39380000000006,351.4966999999999,160.74850000000004,386.1654000000001,1.0 117.80615,338.21569999999997,148.9905,373.91920000000005,1.0 148.82007,327.34940000000006,174.89215000000002,355.98119999999994,1.0 110.30835000000002,314.41329999999994,135.86919999999998,347.1847,1.0 149.33130000000006,365.9851000000001,173.86969999999997,398.23900000000003,1.0 161.77089999999998,390.8224,181.19714,422.90380000000005,1.0 179.49310000000003,405.1383000000001,194.48883,434.97749999999996,1.0 80.65764999999999,285.71569999999997,100.29143999999997,318.63239999999996,1.0 63.06903,270.60300000000007,89.86095999999998,305.797,1.0 77.7944,246.1742999999999,104.79083000000003,277.2277999999999,1.0 94.36040000000003,236.23720000000003,137.71839999999997,274.74350000000004,17.0 139.55899999999997,190.0709999999999,163.8967,227.3352,1.0 159.90283,208.30539999999996,176.3492,241.9752000000001,1.0 198.32635000000005,254.71769999999992,224.6259,294.00880000000006,1.0 225.9706000000001,301.2929999999999,247.8900000000001,333.6848,1.0 243.4131,312.5952,262.7198000000001,346.96000000000004,1.0 16.062900000000013,122.05529999999999,51.68353000000002,158.1205,1.0 313.6178,0.0,352.7146,31.000099999999975,1.0 0.0,25.657699999999977,21.50109999999995,62.86629999999991,1.0
~/DBs/Reccelite/CroppedDB/croppedImg_1_2_3_4_5_reg_rare/080b07e0-1e09-b356-7023-df15e3ae8157_1_3.jpg 323.3656000000001,623.06,361.7354,639.4353000000001,1.0 332.6079,603.2966000000001,369.5775000000001,619.1071999999999,1.0 342.1304,573.6514000000002,380.78,590.5916000000002,1.0 351.65280000000007,552.194,384.9813999999999,567.4402,1.0 282.75520000000006,527.9133000000002,316.3638000000001,544.2887999999998,1.0 263.9905000000001,559.8171000000002,305.16100000000006,577.3218000000002,1.0 255.5884000000001,582.6860000000001,298.4392,605.2730000000001,1.0 249.42679999999996,605.5551999999998,284.71579999999994,622.7775999999999,1.0 180.62329999999997,416.1399999999999,216.57947000000001,447.4472999999998,1.0 51.017600000000016,373.4252999999999,91.38199999999995,402.2595000000001,1.0 80.45000000000005,342.6122999999998,110.16269999999997,357.87739999999985,1.0 87.66970000000003,308.5482999999999,126.21325999999999,329.27880000000005,1.0 83.69854999999995,281.6930000000002,113.83259999999996,300.5387999999998,1.0 37.91345000000001,214.31899999999996,80.42816000000005,246.35719999999992,1.0 29.737550000000056,203.01160000000004,70.1499,233.40059999999994,1.0 8.475199999999973,171.37200000000007,41.966999999999985,200.44029999999998,1.0 81.81604000000004,596.0459999999998,116.09950000000003,625.9630000000002,1.0 91.65139999999997,607.8141999999998,127.4805,638.0151000000001,1.0 346.87339999999995,0.0,374.53780000000006,22.729100000000017,1.0 313.9597000000001,5.507000000000062,337.7937999999999,45.11789999999996,1.0 331.83529999999996,25.886600000000044,351.98070000000007,52.86789999999996,1.0 343.89419999999996,40.669000000000096,368.72119999999995,71.66879999999992,1.0 359.4999,55.30770000000007,380.7802999999999,88.17329999999993,1.0 375.9565,75.83079999999995,397.5209,105.82600000000002,1.0 377.2804000000001,28.291600000000017,414.1703,61.30529999999999,1.0
~/DBs/Reccelite/CroppedDB/croppedImg_1_2_3_4_5_reg_rare/080b07e0-1e09-b356-7023-df15e3ae8157_2_0.jpg 741.7954,436.9089,766.5396000000001,474.3453,1.0 434.67689999999993,460.17538,461.12649999999985,491.34055,1.0 550.56,415.85803,573.9052999999999,448.9163,1.0 722.835,557.5095,760.9027999999998,584.1672,1.0 668.279,605.2993,714.3887,637.4546,1.0 150.55050000000006,635.0914,191.01369999999997,668.26306,1.0
~/DBs/Reccelite/CroppedDB/croppedImg_1_2_3_4_5_reg_rare/080b07e0-1e09-b356-7023-df15e3ae8157_2_1.jpg 258.904,130.89250000000004,302.0725,163.99603000000002,1.0 197.9632999999999,56.61162999999999,235.42859999999996,86.48540000000003,1.0 212.0365999999999,79.6354,253.87619999999993,112.93420000000003,1.0 105.06950000000006,92.63306,145.9271000000001,128.25980000000004,1.0 155.6246000000001,160.42409999999995,189.50009999999997,188.793,1.0 168.94650000000001,175.08452999999997,203.7736,207.83263999999997,1.0 456.4050000000002,333.12573,482.4104000000002,368.41589999999997,1.0 409.9039,327.39110000000005,438.33349999999996,359.3728,1.0 357.89329999999995,312.39275999999995,388.30629999999996,349.0063,1.0 451.77660000000014,293.6449,490.12379999999985,317.02459999999996,1.0 580.0315,267.13919999999996,608.0315,302.44507,1.0 648.5297999999998,346.14905,679.9879999999998,373.61800000000005,1.0 621.8552,510.16920000000005,651.5421999999999,545.6492000000001,1.0 715.1457999999998,76.39275999999995,757.1997000000001,105.7296,1.0 150.55050000000006,0.0,191.01369999999997,28.263059999999996,1.0
~/DBs/Reccelite/CroppedDB/croppedImg_1_2_3_4_5_reg_rare/080b07e0-1e09-b356-7023-df15e3ae8157_2_2.jpg 557.5266000000001,191.34529999999995,583.2851999999998,255.55040000000008,2.0 549.634,261.65470000000005,582.8593999999998,343.7483,22.0 360.2693999999999,616.9614999999999,387.894,646.5387000000001,1.0 375.7021,605.0378000000001,404.4070999999999,634.4601,1.0 394.0671,592.8043,423.3894,620.6781000000001,1.0 415.98170000000005,580.7257,444.0693000000001,611.3868,1.0 438.97659999999996,569.1116999999999,465.6752999999999,598.2242000000001,1.0 308.3870999999999,564.5298,338.4679000000001,595.2992999999999,1.0 116.1101000000001,213.3065999999999,144.58359999999993,246.92329999999993,1.0 212.82999999999993,149.81230000000005,243.63490000000002,183.6132,1.0 281.7947999999999,218.5317,297.7662,249.587,1.0
~/DBs/Reccelite/CroppedDB/croppedImg_1_2_3_4_5_reg_rare/080b07e0-1e09-b356-7023-df15e3ae8157_2_3.jpg 632.8398000000002,588.1154999999999,662.7917000000002,619.2908000000002,1.0 280.65010000000007,309.09130000000005,320.06950000000006,339.9167000000002,1.0 299.1890000000001,128.51369999999997,333.8212000000001,146.70309999999995,1.0 360.2693999999999,54.96149999999989,387.894,84.53870000000006,1.0 375.7021,43.03780000000006,404.4070999999999,72.46010000000001,1.0 394.0671,30.804300000000012,423.3894,58.678100000000086,1.0 415.98170000000005,18.72569999999996,444.0693000000001,49.386799999999994,1.0 438.97659999999996,7.111699999999928,465.6752999999999,36.22420000000011,1.0 308.3870999999999,2.529800000000023,338.4679000000001,33.2992999999999,1.0
~/DBs/Reccelite/CroppedDB/croppedImg_1_2_3_4_5_reg_rare/080b07e0-1e09-b356-7023-df15e3ae8157_3_0.jpg 521.2336,88.49754,543.511,121.77494,1.0 548.7188000000001,82.10363,569.5495999999998,112.47471,1.0 682.1255000000001,37.796955,701.4189999999999,70.142426,1.0 638.2727,147.47554,661.7289999999998,185.01784,1.0 591.0246999999999,162.4588,616.3242,195.79231,1.0 665.75,136.53273,690.3793999999998,172.05481,1.0 592.1226000000001,315.80585,628.0039999999999,338.61404,1.0 338.9749999999999,149.89925,366.5054,181.53627,1.0 465.71439999999984,211.13387,505.7968999999998,240.32721,1.0 568.7302,228.08484,611.2476000000001,256.71317,1.0 237.05470000000014,608.5749,268.0392999999999,635.57025,1.0
~/DBs/Reccelite/CroppedDB/croppedImg_1_2_3_4_5_reg_rare/080b07e0-1e09-b356-7023-df15e3ae8157_3_3.jpg 167.192,452.3560000000002,269.03420000000006,518.7597999999998,5.0 647.9645999999998,602.9232999999999,687.3137000000002,621.8618000000001,1.0
~/DBs/Reccelite/CroppedDB/croppedImg_1_2_3_4_5_reg_rare/080b07e0-1e09-b356-7023-df15e3ae8157_4_0.jpg 417.2336,88.49754,439.51099999999997,121.77494,1.0 444.7188000000001,82.10363,465.5495999999998,112.47471,1.0 578.1255000000001,37.796955,597.4189999999999,70.142426,1.0 534.2727,147.47554,557.7289999999998,185.01784,1.0 487.02469999999994,162.4588,512.3242,195.79231,1.0 561.75,136.53273,586.3793999999998,172.05481,1.0 488.12260000000015,315.80585,524.0039999999999,338.61404,1.0 699.1129999999998,47.607735,741.2273,74.8928,1.0 699.8618000000001,29.166794,737.6709999999998,53.064747,1.0 697.3105,15.289528,732.1469999999999,37.11304,1.0 690.4214000000002,0.5227189,727.4675000000002,24.698467,1.0 234.9749999999999,149.89925,262.5054,181.53627,1.0 361.71439999999984,211.13387,401.7968999999998,240.32721,1.0 464.73019999999997,228.08484,507.24760000000015,256.71317,1.0 133.05470000000014,608.5749,164.0392999999999,635.57025,1.0
~/DBs/Reccelite/CroppedDB/croppedImg_1_2_3_4_5_reg_rare/080b07e0-1e09-b356-7023-df15e3ae8157_4_3.jpg 63.19200000000001,452.3560000000002,165.03420000000006,518.7597999999998,5.0 543.9645999999998,602.9232999999999,583.3137000000002,621.8618000000001,1.0
