miniDB/080b07e0-0e09-b25c-f328-f7305f692931_0_0.jpg 374.8567,243.82843,440.43317,322.2153,5.0 484.4564,413.7295,526.3624,467.82535,1.0 554.5821,476.3228,613.4702,557.2286,5.0 
miniDB/080b07e0-0e09-b25c-f328-f7305f692931_0_2.jpg 731.7881,11.01150000000007,766.0192,64.29610000000002,1.0 710.97394,83.23890000000006,741.408,144.78140000000008,1.0 732.25507,238.5791999999999,770.49664,303.25620000000004,1.0 768.25616,408.7349999999999,799.0,467.7488000000001,1.0 744.575,566.7017000000001,776.183,623.4174,1.0 692.9028,582.3947000000001,734.268,639.0,1.0 
miniDB/080b07e0-0e09-b25c-f328-f7305f692931_0_3.jpg 744.575,4.7017000000000735,776.183,61.41740000000004,1.0 692.9028,20.394700000000057,734.268,78.07410000000004,1.0 
miniDB/080b07e0-0e09-b25c-f328-f7305f692931_1_2.jpg 468.202,578.9359,522.0011999999999,611.1696999999999,1.0 
miniDB/080b07e0-0e09-b25c-f328-f7305f692931_1_3.jpg 468.202,16.935899999999947,522.0011999999999,49.16969999999992,1.0 
miniDB/080b07e0-0e09-b25c-f328-f7305f692931_2_2.jpg 451.5825,543.0441000000001,497.34889999999996,597.3889999999999,1.0 540.1745999999998,554.2815,594.212,586.3358000000001,1.0 
miniDB/080b07e0-0e09-b25c-f328-f7305f692931_2_3.jpg 451.5825,0.0,497.34889999999996,35.388999999999896,1.0 540.1745999999998,0.0,594.212,24.335800000000063,1.0 
miniDB/080b07e0-0e09-b25c-f328-f7305f692931_3_0.jpg 422.32000000000016,412.56207,467.6938,464.67834,1.0 730.3047000000001,434.76596,781.1687000000002,457.73404,7.0 
miniDB/080b07e0-0e09-b25c-f328-f7305f692931_3_1.jpg 634.2539999999999,293.00653,663.0441999999998,346.64404,7.0 
miniDB/080b07e0-0e09-b25c-f328-f7305f692931_3_2.jpg 663.0808000000002,472.2276999999999,708.9940000000001,520.28,1.0 700.6936000000001,432.40100000000007,754.3766999999998,477.0498,22.0 
miniDB/080b07e0-0e09-b25c-f328-f7305f692931_3_3.jpg 721.6399999999999,573.3127,745.7510000000002,625.2827000000002,1.0 
 680.2809,438.1205,693.2494,466.3058000000001,1.0 674.2521,238.98584000000005,687.7041,271.38030000000003,1.0 264.82022,338.91859999999997,292.03784,373.52959999999996,1.0 435.20087,619.1327000000001,462.54468,639.0,1.0  524.5747000000001,616.25635,560.4517000000001,639.0,1.0 647.6963000000001,579.9507,681.2212,618.8199,1.0 665.0192999999999,580.93536,699.1970000000001,623.8788,1.0 
 59.3130000000001,409.9855,91.94950000000017,431.07040000000006,1.0 
